   1.9232929645153818        0.0000000000000000     
   1.9680922126914675        0.0000000000000000     
   2.0139349694095019        0.0000000000000000     
   2.0608455411058983        0.0000000000000000     
   2.1088488003867045        0.0000000000000000     
   2.1579701992153897        0.0000000000000000     
   2.2082357824078112        0.0000000000000000     
   2.2596722014415214        0.0000000000000000     
   2.3123067285867336        0.0000000000000000     
   2.3661672713664403        0.0000000000000000     
   2.4212823873533518        0.0000000000000000     
   2.4776812993114992        0.0000000000000000     
   2.5353939106905310        0.0000000000000000     
   2.5944508214809163        0.0000000000000000     
   2.6548833444384679        0.0000000000000000     
   2.7167235216867756        0.0000000000000000     
   2.7800041417063688        0.0000000000000000     
   2.8447587567195995        0.0000000000000000     
   2.9110217004804770        0.0000000000000000     
   2.9788281064788769        0.0000000000000000     
   3.0482139265687827        0.0000000000000000     
   3.1192159500304366        0.0000000000000000     
   3.1918718230765006        0.0000000000000000     
   3.2662200688125784        0.0000000000000000     
   3.3423001076626733        0.0000000000000000     
   3.4201522782704235        0.0000000000000000     
   3.4998178588871802        0.0000000000000000     
   3.5813390892582850        0.0000000000000000     
   3.6647591930191412        0.0000000000000000     
   3.7501224006129590        0.0000000000000000     
   3.8374739727423197        0.0000000000000000     
   3.9268602243670019        0.0000000000000000     
   4.0183285492607830        0.0000000000000000     
   4.1119274451402479        0.0000000000000000     
   4.2077065393789210        0.0000000000000000     
   4.3057166153203532        0.0000000000000000     
   4.4060096392041252        0.0000000000000000     
   4.5086387877190353        0.0000000000000000     
   4.6136584761980837        0.0000000000000000     
   4.7211243874702014        0.0000000000000000     
   4.8310935013840250        0.0000000000000000     
   4.9436241250193635        0.0000000000000000     
   5.0587759236023890        0.0000000000000000     
   5.1766099521409243        0.0000000000000000     
   5.2971886877966181        0.0000000000000000     
   5.4205760630111630        0.0000000000000000     
   5.5468374994041225        0.0000000000000000     
   5.6760399424603394        0.0000000000000000     
   5.8082518970253201        0.0000000000000000     
   5.9435434636274067        0.0000000000000000     
   6.0819863756460064        0.0000000000000000     
   6.2236540373455806        0.0000000000000000     
   6.3686215627955560        0.0000000000000000     
   6.5169658156967971        3.7846725101542709E-115
   6.6687654501357621        2.0565685804852873E-096
   6.8241009522879343        4.8043109103695752E-081
   6.9830546830926634        2.1700955553204647E-068
   7.1457109219220252        6.2425235990904155E-058
   7.3121559112668555        2.9533804815220481E-049
   7.4824779024636658        4.9046691356879177E-042
   7.6567672024866651        5.2521465316325247E-036
   7.8351162218297183        5.9175744763169434E-031
   8.0176195235036101        1.0419973530938551E-026
   8.2043738731746032        3.9524303821351637E-023
   8.3954782904708800        4.1932718365236092E-020
   8.5910341014840572        1.5401161840715216E-017
   8.7911449924936207        2.3321555553671355E-015
   8.9959170649427662        1.6809479160842541E-013
   9.2054588916947822        6.4922841003536014E-012
   9.4198815745998239        1.4820265768226086E-010
   9.6392988034025961        2.1689821973423278E-009
   9.8638269160221341        2.1777191896028276E-008
   10.093584960235734        1.5637305224183103E-007
   10.328694756799640        8.6127975275226420E-007
   10.569280964040042        3.7855211591648388E-006
   10.815471143948548        1.3618682675904389E-005
   11.067395829817260        4.1269930776951147E-005
   11.325188595449244        1.0789491581632799E-004
   11.588986125981128        2.4833879089848193E-004
   11.858928290355374        5.1198521969068075E-004
   12.135158215480638        9.5946624713837722E-004
   12.417822362119558        1.6550998214935261E-003
   12.707070602544187        2.6565741833723005E-003
   13.003056300000246        4.0044548783140441E-003
   13.305936390022364        5.7141205691012024E-003
   13.615871463643360        7.7718719460257678E-003
   13.933025852541746        1.0135693432994513E-002
   14.257567716172549        1.2739997963181508E-002
   14.589669130927685        1.5502972280169088E-002
   14.929506181373140        1.8334936349530765E-002
   15.277259053611337        2.1146327914357894E-002
   15.633112130818187        2.3854341053540697E-002
   15.997254091005500        2.6387716418590855E-002
   16.369878007060553        2.8689585456828297E-002
   16.751181449115894        3.0718557051003580E-002
   17.141366589303662        3.2448395602810980E-002
   17.540640308949889        3.3866695431276704E-002
   17.949214308265745        3.4972939000699164E-002
   18.367305218593781        3.5776266981858373E-002
   18.795134717268741        3.6293211316762525E-002
   19.232929645153817        3.6545565272467488E-002
   19.680922126914673        3.6558496734721523E-002
   20.139349694095017        3.6358552772254596E-002
   20.608455411058983        3.5966006012654990E-002
   21.088488003867045        3.5387441697900701E-002
   21.579701992153897        3.4697540859411451E-002
   22.082357824078112        3.3941151520257416E-002
   22.596722014415214        3.3079987478687983E-002
   23.123067285867336        3.2132190961816749E-002
   23.661672713664402        3.1148010525476146E-002
   24.212823873533520        3.0141719502910020E-002
   24.776812993114994        2.9104811105208218E-002
   25.353939106905312        2.8048395747859643E-002
   25.944508214809154        2.6982038498311857E-002
   26.548833444384680        2.5941979584961493E-002
   27.167235216867748        2.4940423929940295E-002
   27.800041417063678        2.3946101437461977E-002
   28.447587567195988        2.2967126572330774E-002
   29.110217004804763        2.2024121392124649E-002
   29.788281064788759        2.1115066657319395E-002
   30.482139265687820        2.0231807180076531E-002
   31.192159500304360        1.9379135412765914E-002
   31.918718230764998        1.8565890442493304E-002
   32.662200688125779        1.7789093087364809E-002
   33.423001076626733        1.7041628910251783E-002
   34.201522782704238        1.6319697895571073E-002
   34.998178588871802        1.5640386760798045E-002
   35.813390892582852        1.4998050693465090E-002
   36.647591930191410        1.4384478302680798E-002
   37.501224006129590        1.3800611040680319E-002
   38.374739727423197        1.3240053065858086E-002
   39.268602243670017        1.2706592635051034E-002
   40.183285492607830        1.2202925462408377E-002
   41.119274451402482        1.1725761566764690E-002
   42.077065393789212        1.1268412429685105E-002
   43.057166153203532        1.0833145525777434E-002
   44.060096392041231        1.0421578252181129E-002
   45.086387877190354        1.0031028021203713E-002
   46.136584761980806        9.6560818363369497E-003
   47.211243874702014        9.2981284980121325E-003
   48.310935013840222        8.9582381064844171E-003
   49.436241250193618        8.6341845149899149E-003
   50.587759236023878        8.3163999548699370E-003
   51.766099521409231        8.0177730988915553E-003
   52.971886877966170        7.7286682905005778E-003
   54.205760630111619        7.4508794416777444E-003
   55.468374994041213        7.1841226817913103E-003
   56.760399424603392        6.9205337396096777E-003
   58.082518970253204        6.6642073148895720E-003
   59.435434636274067        6.4157580054855267E-003
   60.819863756460066        6.1745462617493118E-003
   62.236540373455810        5.9320589889386320E-003
   63.686215627955562        5.6932662045633513E-003
   65.169658156967969        5.4594372237793528E-003
   66.687654501357613        5.2304039790703498E-003
   68.241009522879338        4.9968078238843954E-003
   69.830546830926636        4.7651081386175416E-003
   71.457109219220214        4.5374160749624623E-003
   73.121559112668564        4.3141002086769520E-003
   74.824779024636612        4.0853174734078674E-003
   76.567672024866653        3.8590985962447472E-003
   78.351162218297148        3.6382750013051824E-003
   80.176195235036104        3.4235963530492098E-003
   82.043738731745989        3.2053845422205076E-003
   83.954782904708807        2.9925144415476261E-003
   85.910341014840526        2.7879783917944363E-003
   87.911449924936221        2.5924695642344764E-003
   89.959170649427620        2.3970741841200542E-003
   92.054588916947822        2.2102177734541514E-003
   96.164648225769071        1.8869620278215342E-003
   99.162799869648452        1.6752249780345278E-003
   102.25442571060069        1.4808725852281156E-003
   105.44244001933521        1.3038268285784074E-003
   108.72984792557975        1.1429453182002190E-003
   112.11974825081677        9.9891250796924611E-004
   115.61533642933666        8.7073588570038259E-004
   119.21990752036253        7.5676374814923498E-004
   122.93685931408348        6.5670536445847495E-004
   126.76969553452655        5.6921913557024322E-004
   130.72202914228444        4.9264853176706380E-004
   134.79758574021477        4.2632400606062873E-004
   139.00020708531844        3.6900030313181714E-004
   143.33385471010891        3.1932336640195656E-004
   147.80261365688702        2.7662106714201120E-004
   152.41069632843914        2.3993544972090400E-004
   157.16244645878962        2.0829233888233051E-004
   162.06234320775158        1.8116495982800062E-004
   167.11500538313373        1.5789324351719576E-004
   172.32519579458352        1.3783034274478007E-004
   177.69782574317321        1.2061077218084762E-004
   183.23795965095712        1.0580848606598716E-004
   188.95081983486614        9.3013981710969026E-005
   194.84179142944060        8.1989812873325783E-005
   200.91642746303901        7.2470702749519021E-005
   207.18045409230999        6.4203694200691094E-005
   213.63977599985975        5.7039744782987989E-005
   220.30048196020610        5.0816268020434151E-005
   227.16885057926203        4.5378377777431460E-005
   234.25135621276033        4.0633758724973720E-005
   241.55467506920110        3.6483049161828203E-005
   249.08569150306971        3.2831139605095894E-005
   256.85150450426215        2.9621003588779373E-005
   264.85943438983082        2.6791476241785657E-005
   273.11702970436380        2.4283571175189951E-005
   281.63207433549655        2.2061866336731307E-005
   290.41259485126596        2.0088248965460367E-005
   299.46686806622552        1.8325486472657342E-005
   308.80342884344867        1.6751336005068013E-005
   318.43107813977775        1.5341806653498647E-005
   328.35889130190412        1.4072852970817855E-005
   338.59622662109501        1.2930490687471358E-005
   349.15273415463315        1.1898941289747216E-005
   360.03836482228803        1.0962790733320196E-005
   371.26337978638736        1.0113019224441110E-005
   382.83836012433318        9.3392444434967906E-006
   394.77421680268441        8.6310929584882945E-006
   407.08220096220026        7.9827307020947656E-006
   419.77391452354397        7.3877243009929014E-006
   432.86132112364606        6.8384521593864415E-006
   446.35675739303048        6.3316495836635881E-006
   460.27294458473904        5.8628979891123551E-006
   474.62300056581142        5.4273528524040233E-006
   489.42045218263138        5.0227107070309025E-006
   504.67924801178634        4.6467008312388625E-006
   520.41377150846677        4.2948061940876791E-006
   536.63885456479363        3.9669629833178207E-006
   553.36979149086267        3.6613002274688303E-006
   570.62235343167538        3.3756488186812874E-006
   588.41280323354999        3.1086890496100475E-006
   606.75791077403153        2.8599776435371803E-006
   625.67496876974246        2.6277783530659392E-006
   645.18180907707779        2.4117348919773275E-006
   665.29681950111774        2.2112002091081495E-006
   686.03896112859093        2.0249025521820043E-006
   707.42778620123113        1.8524649507379797E-006
   729.48345654638376        1.6920033231906531E-006
   752.22676258222202        1.5447241415963481E-006
   775.67914291549266        1.4092485818269804E-006
   799.86270455027443        1.2830511244348280E-006
   824.80024372678281        1.1683321844391789E-006
   850.51526740987129        1.0601973545252462E-006
   877.03201544749436        9.6324500008946523E-007
   904.37548342000218        8.6881105418653838E-007
   932.57144620181441        7.7591118500482817E-007
   961.64648225769065        6.7945982884398096E-007
   1000.0000000000000        5.6788496636130909E-007
   1031.1772745930550        4.9983698408345178E-007
   1063.3265716371616        4.4911063195804767E-007
   1096.4781961431852        4.0490123934031150E-007
   1130.6633979496387        3.6760485370211028E-007
   1165.9144011798323        3.3347578140177943E-007
   1202.2644346174131        2.9817355474829570E-007
   1239.7477630289441        2.5989734942293738E-007
   1278.3997194630231        2.2015849699986848E-007
   1318.2567385564075        1.5367274946000625E-007
   1359.3563908785254        1.0747903770866895E-007
   1401.7374183467693        8.0296263009951626E-008
   1445.4397707459279        6.7688937784633011E-008
   1490.5046433861962        5.8513403295238266E-008
   1536.9745159352710        5.1649796865138234E-008
   1584.8931924611140        4.4690867493224202E-008
   1634.3058427231376        3.7510563802785158E-008
   1685.2590447507509        3.0954491221162501E-008
   1737.8008287493763        2.3971006015540879E-008
   1791.9807223753339        1.8568796478558888E-008
   1847.8497974222907        1.4224374731345090E-008
   1905.4607179632483        1.2051234485048871E-008
   1964.8677899934680        8.2929549706141283E-009
   2026.1270126211432        5.1708135180727728E-009
   2089.2961308540389        2.2334550851083079E-009
   2154.4346900318847        1.0097599035885279E-009
   2221.6040919558118        1.7832328441482805E-010
   2290.8676527677726        7.4848949914315346E-012
   2362.2906626344629        4.1689375137907293E-012
   2435.9404472920269        2.6269322909990573E-012
   2511.8864315095798        1.6375080618096524E-012
   2590.2002045313225        1.0181494192348402E-012
   2670.9555875589854        6.1995001377207232E-013
   2754.2287033381663        3.6364652101869871E-013
   2840.0980479142136        2.0812682033374156E-013
   2928.6445646252373        1.1918014861694487E-013
   3019.9517204020162        6.8426496353033044E-014
   3114.1055844467583        3.7528052271116028E-014
   3211.1949093648241        1.8963656820455018E-014
   3311.3112148259111        8.7771833531484328E-015
   3414.5488738336007        3.3715487338875101E-015
   3521.0052016845207        9.1716087652641049E-016
   3630.7805477010138        1.4649681387704104E-016
   3743.9783898238106        8.7588479589896403E-018
   3860.7054321538153        4.9846628044436406E-020
   3981.0717055349733        0.0000000000000000     
   4105.1906712730788        0.0000000000000000     
   4233.1793280882112        0.0000000000000000     
   4365.1583224016613        0.0000000000000000     
   4501.2520620613368        0.0000000000000000     
   4641.5888336127773        0.0000000000000000     
   4786.3009232263848        0.0000000000000000     
   4999.9999999999991        0.0000000000000000     
   5235.6427402544969        0.0000000000000000     
   5482.3909807159243        0.0000000000000000     
   5740.7681074844140        0.0000000000000000     
   6011.3221730870646        0.0000000000000000     
   6294.6270589708365        0.0000000000000000     
   6591.2836927820363        0.0000000000000000     
   6901.9213230144251        0.0000000000000000     
   7227.1988537296393        0.0000000000000000     
   7567.8062421810428        0.0000000000000000     
   7924.4659623055695        0.0000000000000000     
   8297.9345371878062        0.0000000000000000     
